 0.000000 1246.601562
 1.000000 1246.385132
 2.000000 1246.135254
 3.000000 1245.927856
 4.000000 1245.635254
 5.000000 1245.333618
 6.000000 1245.037964
 7.000000 1245.062378
 8.000000 1244.800171
 9.000000 1244.592896
 10.000000 1244.379517
 11.000000 1244.035156
 12.000000 1243.705933
 13.000000 1243.303589
 14.000000 1242.983521
 15.000000 1242.709229
 16.000000 1242.687866
 17.000000 1242.422729
 18.000000 1242.008179
 19.000000 1241.703369
 20.000000 1241.383423
 21.000000 1241.011475
 22.000000 1240.609131
 23.000000 1239.984253
 24.000000 1239.630737
 25.000000 1239.203979
 26.000000 1239.203979
 27.000000 1238.817017
 28.000000 1238.378052
 29.000000 1237.975708
 30.000000 1237.576416
 31.000000 1237.262451
 32.000000 1236.945435
 33.000000 1236.613159
 34.000000 1235.945679
 35.000000 1235.616577
 36.000000 1235.616577
 37.000000 1235.357422
 38.000000 1234.702148
 39.000000 1234.174805
 40.000000 1233.632324
 41.000000 1233.211670
 42.000000 1232.797119
 43.000000 1232.300293
 44.000000 1231.891846
 45.000000 1231.891846
 46.000000 1230.858643
 47.000000 1230.038696
 48.000000 1229.560181
 49.000000 1229.176147
 50.000000 1228.724976
 51.000000 1228.252563
 52.000000 1227.807617
 53.000000 1227.325928
 54.000000 1226.640137
 55.000000 1226.573120
 56.000000 1225.802002
 57.000000 1224.814453
 58.000000 1224.079834
 59.000000 1222.583374
 60.000000 1221.943237
 61.000000 1220.922119
 62.000000 1220.208862
 63.000000 1219.507812
 64.000000 1218.654419
 65.000000 1218.654419
 66.000000 1217.825317
 67.000000 1217.224976
 68.000000 1217.413818
 69.000000 1217.621216
 70.000000 1217.736938
 71.000000 1217.770508
 72.000000 1217.822266
 73.000000 1217.886353
 74.000000 1217.886353
 75.000000 1217.877197
 76.000000 1217.922974
 77.000000 1217.941284
 78.000000 1217.910767
 79.000000 1217.761353
 80.000000 1217.438232
 81.000000 1216.892700
 82.000000 1215.563721
 83.000000 1214.914551
 84.000000 1214.759033
 85.000000 1214.179932
 86.000000 1213.378296
 87.000000 1212.823608
 88.000000 1212.256714
 89.000000 1211.744629
 90.000000 1211.534302
 91.000000 1211.592163
 92.000000 1211.787231
 93.000000 1211.775024
 94.000000 1211.775024
 95.000000 1211.790283
 96.000000 1211.814697
 97.000000 1211.811646
 98.000000 1211.799438
 99.000000 1211.829956
 100.000000 1211.912231
 101.000000 1211.994629
 102.000000 1211.817749
 103.000000 1211.817749
 104.000000 1211.701904
 105.000000 1211.872559
 106.000000 1211.915283
 107.000000 1211.869507
 108.000000 1211.900024
 109.000000 1211.869507
 110.000000 1211.915283
 111.000000 1211.808594
 112.000000 1211.729370
 113.000000 1211.628784
 114.000000 1211.744629
 115.000000 1211.811646
 116.000000 1211.842163
 117.000000 1211.854248
 118.000000 1211.829956
 119.000000 1211.814697
 120.000000 1211.708008
 121.000000 1211.683716
 122.000000 1211.677612
 123.000000 1211.677612
 124.000000 1211.796387
 125.000000 1211.866455
 126.000000 1211.875610
 127.000000 1211.912231
 128.000000 1211.887817
 129.000000 1211.820801
 130.000000 1211.817749
 131.000000 1211.811646
 132.000000 1211.826904
 133.000000 1211.836060
 134.000000 1211.893921
 135.000000 1211.970215
 136.000000 1211.991577
 137.000000 1211.970215
 138.000000 1211.900024
 139.000000 1211.854248
 140.000000 1211.836060
 141.000000 1211.945801
 142.000000 1211.945801
 143.000000 1211.951904
 144.000000 1211.942749
 145.000000 1211.900024
 146.000000 1211.884766
 147.000000 1211.762939
 148.000000 1211.787231
 149.000000 1211.759888
 150.000000 1211.775024
 151.000000 1211.915283
 152.000000 1211.896973
 153.000000 1211.964111
 154.000000 1212.006714
 155.000000 1212.034180
 156.000000 1212.018921
 157.000000 1211.936646
 158.000000 1211.875610
 159.000000 1211.872559
 160.000000 1211.866455
 161.000000 1211.854248
 162.000000 1211.860352
 163.000000 1211.890869
 164.000000 1211.948853
 165.000000 1211.982422
 166.000000 1212.003662
 167.000000 1211.988525
 168.000000 1212.003662
 169.000000 1211.985474
 170.000000 1212.000610
 171.000000 1212.000610
 172.000000 1211.997681
 173.000000 1211.994629
 174.000000 1211.973267
 175.000000 1212.003662
 176.000000 1211.979370
 177.000000 1211.933594
 178.000000 1211.927490
 179.000000 1211.909180
 180.000000 1211.927490
 181.000000 1211.942749
 182.000000 1211.942749
 183.000000 1211.939697
 184.000000 1211.958008
 185.000000 1212.009766
 186.000000 1211.988525
 187.000000 1212.012817
 188.000000 1212.052490
 189.000000 1212.052490
 190.000000 1212.031128
 191.000000 1212.043335
 192.000000 1212.061646
 193.000000 1212.085938
 194.000000 1212.119507
 195.000000 1212.061646
 196.000000 1212.073853
 197.000000 1212.070801
 198.000000 1212.110352
 199.000000 1212.140869
 200.000000 1212.140869
 201.000000 1212.107300
 202.000000 1212.052490
 203.000000 1212.095093
 204.000000 1212.128662
 205.000000 1212.064697
 206.000000 1212.058594
 207.000000 1212.058594
 208.000000 1212.055542
 209.000000 1212.259766
 210.000000 1212.259766
 211.000000 1212.168213
 212.000000 1212.082886
 213.000000 1212.098145
 214.000000 1212.116455
 215.000000 1212.113403
 216.000000 1212.034180
 217.000000 1212.015869
 218.000000 1211.906128
 219.000000 1211.906128
 220.000000 1211.677612
 221.000000 1211.375854
 222.000000 1211.427612
 223.000000 1211.214233
 224.000000 1211.086182
 225.000000 1211.089233
 226.000000 1211.074097
 227.000000 1211.071045
 228.000000 1211.067993
 229.000000 1211.064941
 230.000000 1211.064941
 231.000000 1211.083252
 232.000000 1211.104492
 233.000000 1211.086182
 234.000000 1211.116699
 235.000000 1211.098389
 236.000000 1211.424561
 237.000000 1211.506836
 238.000000 1211.357544
 239.000000 1211.357544
 240.000000 1211.363647
 241.000000 1211.540405
 242.000000 1211.543457
 243.000000 1211.909180
 244.000000 1212.079834
 245.000000 1211.689819
 246.000000 1211.625732
 247.000000 1211.799438
 248.000000 1211.799438
 249.000000 1211.954956
 250.000000 1211.924438
 251.000000 1211.945801
 252.000000 1211.936646
 253.000000 1211.954956
 254.000000 1211.936646
 255.000000 1211.936646
 256.000000 1211.933594
 257.000000 1211.918335
 258.000000 1211.942749
 259.000000 1211.958008
 260.000000 1211.988525
 261.000000 1212.076782
 262.000000 1212.092041
 263.000000 1212.107300
 264.000000 1212.113403
 265.000000 1212.113403
 266.000000 1212.073853
 267.000000 1212.000610
 268.000000 1212.000610
 269.000000 1211.845215
 270.000000 1211.866455
 271.000000 1211.906128
 272.000000 1211.781128
 273.000000 1211.214233
 274.000000 1211.817749
 275.000000 1211.954956
 276.000000 1211.912231
 277.000000 1211.912231
 278.000000 1212.177368
 279.000000 1212.311523
 280.000000 1212.512695
 281.000000 1212.777832
 282.000000 1212.881470
 283.000000 1212.747437
 284.000000 1212.439575
 285.000000 1212.156006
 286.000000 1211.988525
 287.000000 1211.845215
 288.000000 1211.759888
 289.000000 1211.589111
 290.000000 1211.525146
 291.000000 1211.503784
 292.000000 1211.625732
 293.000000 1211.686768
 294.000000 1211.805542
 295.000000 1211.912231
 296.000000 1211.912231
 297.000000 1211.927490
 298.000000 1211.872559
 299.000000 1211.872559
 300.000000 1211.860352
 301.000000 1211.857300
 302.000000 1211.875610
 303.000000 1211.924438
 304.000000 1211.875610
 305.000000 1211.735474
 306.000000 1211.771973
 307.000000 1211.747681
 308.000000 1211.711060
 309.000000 1211.720215
 310.000000 1211.689819
 311.000000 1211.769043
 312.000000 1211.799438
 313.000000 1211.896973
 314.000000 1211.927490
 315.000000 1211.924438
 316.000000 1211.924438
 317.000000 1211.903076
 318.000000 1211.942749
 319.000000 1211.964111
 320.000000 1212.009766
 321.000000 1212.095093
 322.000000 1212.146973
 323.000000 1212.198730
 324.000000 1212.232300
 325.000000 1212.253662
 326.000000 1212.210938
 327.000000 1212.262817
 328.000000 1212.293213
 329.000000 1212.308472
 330.000000 1212.409058
 331.000000 1212.549316
 332.000000 1212.671265
 333.000000 1212.674316
 334.000000 1212.735229
 335.000000 1212.686401
 336.000000 1212.762573
 337.000000 1212.817505
 338.000000 1212.844849
 339.000000 1212.860107
 340.000000 1212.896729
 341.000000 1212.902832
 342.000000 1213.003418
 343.000000 1213.091797
 344.000000 1213.149658
 345.000000 1213.149658
 346.000000 1213.158813
 347.000000 1213.143555
 348.000000 1213.110107
 349.000000 1213.116211
 350.000000 1213.128418
 351.000000 1213.177124
 352.000000 1213.158813
 353.000000 1213.113159
 354.000000 1213.113159
 355.000000 1213.131470
 356.000000 1213.100952
 357.000000 1213.000366
 358.000000 1212.875366
 359.000000 1212.838745
 360.000000 1212.771729
 361.000000 1212.780884
 362.000000 1212.735229
 363.000000 1212.719971
 364.000000 1212.704712
 365.000000 1212.619385
 366.000000 1212.631592
 367.000000 1212.582764
 368.000000 1212.613281
 369.000000 1212.662109
 370.000000 1212.719971
 371.000000 1212.805298
 372.000000 1212.820557
 373.000000 1212.841797
 374.000000 1212.841797
 375.000000 1212.847900
 376.000000 1212.872314
 377.000000 1212.915039
 378.000000 1212.985229
 379.000000 1212.969971
 380.000000 1213.158813
 381.000000 1213.229004
 382.000000 1213.280884
 383.000000 1212.945557
 384.000000 1212.945557
 385.000000 1212.762573
 386.000000 1212.872314
 387.000000 1213.186279
 388.000000 1213.314331
 389.000000 1213.338745
 390.000000 1213.360107
 391.000000 1213.524658
 392.000000 1213.603882
 393.000000 1213.603882
 394.000000 1213.649658
 395.000000 1213.713623
 396.000000 1213.771484
 397.000000 1213.872070
 398.000000 1214.222656
 399.000000 1214.253174
 400.000000 1214.189087
 401.000000 1214.234863
 402.000000 1214.271362
 403.000000 1214.545654
 404.000000 1214.871826
 405.000000 1215.347412
 406.000000 1215.530151
 407.000000 1215.673462
 408.000000 1215.676514
 409.000000 1215.780151
 410.000000 1216.438477
 411.000000 1216.834717
 412.000000 1217.331665
 413.000000 1217.331665
 414.000000 1218.151489
 415.000000 1218.815918
 416.000000 1219.486450
 417.000000 1219.721191
 418.000000 1219.916382
 419.000000 1220.373535
 420.000000 1220.656982
 421.000000 1221.059326
 422.000000 1221.059326
 423.000000 1221.458496
 424.000000 1221.735962
 425.000000 1222.190063
 426.000000 1222.476562
 427.000000 1223.281250
 428.000000 1223.768921
 429.000000 1224.143921
 430.000000 1224.680298
 431.000000 1225.018677
 432.000000 1225.131470
 433.000000 1225.481934
 434.000000 1226.039673
 435.000000 1226.390259
 436.000000 1226.646240
 437.000000 1226.823120
 438.000000 1227.743530
 439.000000 1228.435425
 440.000000 1228.880493
 441.000000 1229.194458
 442.000000 1229.194458
 443.000000 1229.560181
 444.000000 1229.715576
 445.000000 1230.130127
 446.000000 1230.547729
 447.000000 1230.983521
 448.000000 1231.681519
 449.000000 1232.120483
 450.000000 1232.867310
 451.000000 1232.867310
 452.000000 1233.583496
 453.000000 1233.867065
 454.000000 1234.229736
 455.000000 1234.814941
 456.000000 1235.244629
 457.000000 1235.714111
 458.000000 1236.040161
 459.000000 1236.308350
 460.000000 1236.610229
 461.000000 1236.610229
 462.000000 1237.402710
 463.000000 1237.719727
 464.000000 1238.125122
 465.000000 1238.326172
 466.000000 1238.752930
 467.000000 1239.008911
 468.000000 1239.374756
 469.000000 1239.502808
 470.000000 1239.783203
 471.000000 1239.828857
 472.000000 1240.218994
 473.000000 1240.633545
 474.000000 1241.267456
 475.000000 1241.627197
 476.000000 1241.870972
 477.000000 1242.108765
 478.000000 1242.395386
 479.000000 1242.620850
 480.000000 1242.739746
 481.000000 1242.962158
 482.000000 1243.169434
 483.000000 1243.334106
 484.000000 1243.574829
 485.000000 1243.754761
 486.000000 1244.160034
 487.000000 1244.324707
 488.000000 1244.513672
 489.000000 1244.897705
 490.000000 1244.897705
 491.000000 1245.147583
 492.000000 1245.415894
 493.000000 1245.757202
 494.000000 1246.107788
 495.000000 1246.589355
 496.000000 1246.836182
 497.000000 1247.281250
 498.000000 1247.741455
 499.000000 1247.982300
