 0.000000 1210.400391
 1.000098 1210.461426
 2.000197 1210.516235
 3.000295 1210.510132
 4.000394 1210.497925
 5.000492 1210.497925
 6.000591 1210.528442
 7.000689 1210.592407
 8.000788 1210.622925
 9.000886 1210.577271
 10.000985 1210.601562
 11.001083 1210.601562
 12.001182 1210.583374
 13.001280 1210.558960
 13.273342 1210.558960
 14.273441 1210.543701
 15.273539 1210.540649
 16.273637 1210.565063
 17.273736 1210.598511
 18.273834 1210.595459
 19.273933 1210.589355
 20.274031 1210.619873
 21.274130 1210.677856
 22.274228 1210.693115
 23.274327 1210.723511
 24.274425 1210.723511
 25.274524 1210.729614
 26.274622 1210.699219
 27.274721 1210.659546
 28.274819 1210.656494
 29.274917 1210.656494
 30.275016 1210.662598
 31.275114 1210.665649
 32.275213 1210.665649
 32.821229 1210.671753
 33.821327 1210.702271
 34.821426 1210.723511
 35.821524 1210.744873
 36.821623 1210.763184
 37.821721 1210.717407
 38.821820 1210.747925
 39.821918 1210.723511
 40.822017 1210.763184
 41.822115 1210.760132
 42.822213 1210.732666
 43.822312 1210.924683
 44.822410 1210.845459
 45.822509 1210.918579
 46.822607 1210.930786
 47.822706 1210.961304
 48.822804 1210.927734
 49.822903 1210.869751
 50.823001 1210.915527
 51.823100 1210.833252
 52.569524 1210.888062
 53.569622 1210.799683
 54.569721 1210.897217
 55.569819 1210.711304
 56.569918 1210.827148
 57.570016 1210.946045
 58.570115 1210.866699
 59.570213 1210.903320
 60.570311 1210.875854
 61.570410 1210.863647
 62.570508 1210.872803
 63.570607 1210.757080
 64.570705 1210.790527
 65.570804 1210.769287
 66.570902 1210.754028
 67.571001 1210.754028
 68.571099 1210.717407
 69.571198 1210.699219
 70.571296 1210.702271
 71.571395 1210.766235
 71.961427 1210.784424
 72.961526 1210.784424
 73.961624 1210.744873
 74.961723 1210.738770
 75.961821 1210.750977
 76.961920 1210.784424
 77.962018 1210.805786
 78.962116 1210.827148
 79.962215 1210.875854
 80.962313 1210.918579
 81.962412 1210.897217
 82.962510 1210.909424
 83.962609 1210.915527
 84.962707 1210.930786
 85.962806 1210.952148
 86.962904 1210.930786
 87.963003 1210.930786
 88.963101 1210.912476
 89.963200 1210.949097
 90.963298 1210.946045
 91.693595 1210.967407
 92.693693 1210.930786
 93.693791 1210.949097
 94.693890 1210.924683
 95.693988 1210.939941
 96.694087 1210.942993
 97.694185 1210.942993
 98.694284 1210.909424
 99.694382 1210.921631
 100.694481 1210.930786
 101.694579 1210.909424
 102.694678 1210.845459
 103.694776 1210.885010
 104.694875 1210.930786
 105.694973 1210.921631
 106.695071 1210.903320
 107.695170 1210.906372
 108.695268 1210.912476
 109.695367 1210.933838
 110.695465 1210.942993
 110.857558 1210.942993
 111.857656 1210.942993
 112.857754 1210.930786
 113.857853 1210.909424
 114.857951 1210.912476
 115.858050 1210.915527
 116.858148 1211.034424
 117.858247 1211.083252
 118.858345 1211.122803
 119.858444 1211.022217
 120.858542 1211.031372
 121.858641 1211.000977
 122.858739 1211.016113
 123.858838 1210.958252
 124.858936 1210.988770
 125.859034 1211.004028
 126.859133 1211.010010
 127.859231 1211.025269
 128.859330 1210.958252
 128.935680 1210.958252
 129.935779 1211.089233
 130.935877 1211.095337
 131.935976 1211.086182
 132.936074 1211.092285
 133.936173 1211.077148
 134.936271 1211.055786
 135.936369 1211.055786
 136.936468 1211.046631
 137.936566 1211.046631
 138.936665 1211.037476
 139.936763 1211.028320
 140.936862 1211.037476
 141.936960 1211.025269
 142.937059 1211.052734
 143.937157 1211.046631
 144.937256 1211.080200
 145.937354 1211.067993
 146.937453 1211.025269
 147.937551 1211.061890
 148.003535 1211.061890
 149.003634 1211.052734
 150.003732 1211.064941
 151.003831 1211.049683
 152.003929 1211.049683
 153.004028 1211.077148
 154.004126 1211.067993
 155.004224 1211.083252
 156.004323 1211.064941
 157.004421 1211.104492
 158.004520 1211.067993
 159.004618 1211.080200
 160.004717 1211.028320
 161.004815 1210.994873
 162.004914 1211.055786
 163.005012 1211.061890
 164.005111 1211.028320
 165.005209 1211.067993
 166.005308 1211.055786
 167.005406 1211.086182
 167.728058 1211.086182
 168.728156 1211.089233
 169.728255 1211.061890
 170.728353 1211.095337
 171.728452 1211.083252
 172.728550 1211.052734
 173.728649 1211.052734
 174.728747 1211.034424
 175.728846 1211.107544
 176.728944 1211.284424
 177.729043 1211.452026
 178.729141 1211.540405
 179.729240 1211.509888
 180.729338 1211.598267
 181.729436 1211.622681
 182.729535 1211.714111
 183.729633 1211.714111
 184.729732 1211.723267
 185.729830 1211.698853
 186.729929 1211.708008
 187.730027 1211.677612
 188.495976 1211.665405
 189.496075 1211.665405
 190.496173 1211.659302
 191.496272 1211.668457
 192.496370 1211.668457
 193.496469 1211.668457
 194.496567 1211.644043
 195.496666 1211.644043
 196.496764 1211.631836
 197.496862 1211.610474
 198.496961 1211.561768
 199.497059 1211.586060
 200.497158 1211.573853
 201.497256 1211.555664
 202.497355 1211.552612
 203.497453 1211.546509
 204.497552 1211.555664
 205.497650 1211.522095
 206.497749 1211.503784
 207.497847 1211.503784
 208.497946 1211.558716
 209.058226 1211.558716
 210.058324 1211.543457
 211.058423 1211.567871
 212.058521 1211.552612
 213.058620 1211.579956
 214.058718 1211.567871
 215.058817 1211.579956
 216.058915 1211.726318
 217.059014 1211.579956
 218.059112 1211.583008
 219.059211 1211.540405
 220.059309 1211.512939
 221.059408 1211.519043
 222.059506 1211.531250
 223.059604 1211.564819
 224.059703 1211.534302
 225.059801 1211.534302
 226.059900 1211.555664
 227.059998 1211.552612
 228.060097 1211.543457
 229.021064 1211.546509
 230.021163 1211.573853
 231.021261 1211.561768
 232.021360 1211.592163
 233.021458 1211.558716
 234.021557 1211.552612
 235.021655 1211.564819
 236.021754 1211.607422
 237.021852 1211.647095
 238.021951 1211.628784
 239.022049 1211.613525
 240.022147 1211.598267
 241.022246 1211.586060
 242.022344 1211.604370
 243.022443 1211.598267
 244.022541 1211.598267
 245.022640 1211.595215
 246.022738 1211.616577
 247.022837 1211.515991
 248.022935 1211.558716
 248.405343 1211.546509
 249.405441 1211.570923
 250.405540 1211.555664
 251.405638 1211.573853
 252.405737 1211.555664
 253.405835 1211.543457
 254.405934 1211.561768
 255.406032 1211.616577
 256.406131 1211.589111
 257.406229 1211.598267
 258.406327 1211.640991
 259.406426 1211.576904
 260.406524 1211.564819
 261.406623 1211.546509
 262.406721 1211.552612
 263.406820 1211.561768
 264.406918 1211.576904
 265.407017 1211.592163
 266.407115 1211.570923
 267.407214 1211.604370
 267.514549 1211.613525
 268.514648 1211.613525
 269.514746 1211.659302
 270.514845 1211.656250
 271.514943 1211.674561
 272.515042 1211.729370
 273.515140 1211.711060
 274.515239 1211.598267
 275.515337 1211.589111
 276.515436 1211.616577
 277.515534 1211.656250
 278.515633 1211.656250
 279.515731 1211.631836
 280.515829 1211.637939
 281.515928 1211.677612
 282.516026 1211.692871
 283.516125 1211.686768
 284.516223 1211.668457
 285.516322 1211.689819
 286.516420 1211.701904
 287.100427 1211.695801
 288.100525 1211.686768
 289.100624 1211.680664
 290.100722 1211.723267
 291.100821 1211.695801
 292.100919 1211.711060
 293.101017 1211.720215
 294.101116 1211.689819
 295.101214 1211.695801
 296.101313 1211.680664
 297.101411 1211.680664
 298.101510 1211.665405
 299.101608 1211.650146
 300.101707 1211.662354
 301.101805 1211.598267
 302.101904 1211.598267
 303.102002 1211.592163
 304.102101 1211.586060
 305.102199 1211.625732
 306.102297 1211.628784
 306.560003 1211.610474
